2.839124317688401788e-05
1.713037192821502686e-01
7.396783985313959420e-06
3.746308948393561877e-06
2.282514609396457672e-02
1.258376141777262092e-04
9.659830331802368164e-01
9.917647242546081543e-01
9.917647242546081543e-01
9.917647242546081543e-01
9.917647242546081543e-01
9.917647242546081543e-01
9.917647242546081543e-01
9.917647242546081543e-01
9.917647242546081543e-01
2.241896027044276707e-06
7.674752268940210342e-04
5.157759108698201089e-09
5.163298122390358458e-10
7.674752268940210342e-04
8.409716429014224559e-06
9.975275397300720215e-01
9.975275397300720215e-01
9.975275397300720215e-01
9.975275397300720215e-01
9.975275397300720215e-01
9.975275397300720215e-01
9.975275397300720215e-01
9.975275397300720215e-01
7.674752268940210342e-04
9.963867341866716743e-05
1.558011149427329656e-06
5.484826033352874219e-06
7.449450123431233806e-08
6.721185854985378683e-06
9.158827015198767185e-05
9.913677573204040527e-01
9.913677573204040527e-01
9.913677573204040527e-01
9.913677573204040527e-01
9.913677573204040527e-01
9.913677573204040527e-01
9.913677573204040527e-01
9.913677573204040527e-01
7.580295573461626191e-07
4.164430312812328339e-03
3.188689534638911027e-09
2.345453249290585518e-03
2.358907513553276658e-04
1.138868083216948435e-05
3.643760919658234343e-06
6.801584386266767979e-04
9.957255125045776367e-01
9.957255125045776367e-01
9.957255125045776367e-01
9.957255125045776367e-01
9.957255125045776367e-01
9.957255125045776367e-01
9.957255125045776367e-01
9.957255125045776367e-01
9.214998863171786070e-05
3.756446540355682373e-01
4.299241496141803509e-08
7.868154128232163202e-09
1.180582214146852493e-03
9.879480004310607910e-01
9.879480004310607910e-01
9.879480004310607910e-01
9.879480004310607910e-01
9.879480004310607910e-01
9.879480004310607910e-01
9.879480004310607910e-01
9.879480004310607910e-01
4.751131155167342968e-10
6.329995393753051758e-02
6.887965469104528893e-07
2.011247168809404684e-08
3.846687497571110725e-03
1.214977563002150873e-10
3.884741772708366625e-07
1.895015835762023926e-01
8.858410728862509131e-05
2.414065784250851721e-05
3.030742518603801727e-03
9.974319338798522949e-01
9.974319338798522949e-01
9.974319338798522949e-01
9.974319338798522949e-01
9.974319338798522949e-01
9.974319338798522949e-01
9.974319338798522949e-01
9.974319338798522949e-01
5.028662286576945917e-08
2.482932992279529572e-02
2.587291179224848747e-03
3.588128549836255843e-07
1.016907572193304077e-05
9.873045436759042559e-11
1.396483071403054055e-06
4.526347765931859612e-06
9.971752166748046875e-01
9.971752166748046875e-01
9.971752166748046875e-01
9.971752166748046875e-01
9.971752166748046875e-01
9.971752166748046875e-01
9.971752166748046875e-01
9.971752166748046875e-01
5.852549112006499854e-09
1.028035650961101055e-03
3.485165045447047305e-09
4.858836177845660131e-07
1.494717416505864094e-08
7.484238722099689767e-06
3.169580595567822456e-03
2.190064406022429466e-04
9.904540777206420898e-01
9.904540777206420898e-01
9.904540777206420898e-01
9.904540777206420898e-01
9.904540777206420898e-01
9.904540777206420898e-01
9.904540777206420898e-01
9.904540777206420898e-01
1.730391057208180428e-03
1.697745472192764282e-01
1.230245629812998232e-06
2.839883964043110609e-04
1.201998367905616760e-01
2.770814858376979828e-02
7.881766214268282056e-05
4.720292612910270691e-02
9.960637688636779785e-01
9.960637688636779785e-01
9.960637688636779785e-01
9.960637688636779785e-01
9.960637688636779785e-01
9.960637688636779785e-01
9.960637688636779785e-01
9.960637688636779785e-01
6.265675978056606255e-08
5.714583992958068848e-01
3.043903736397624016e-03
9.703502428237698041e-07
7.674752268940210342e-04
3.405627424513113510e-08
9.620060882298275828e-05
7.299090502783656120e-04
6.707693955831928179e-06
9.972004890441894531e-01
9.972004890441894531e-01
9.972004890441894531e-01
9.972004890441894531e-01
9.972004890441894531e-01
9.972004890441894531e-01
9.972004890441894531e-01
9.972004890441894531e-01
7.544707041233778000e-04
3.953994512557983398e-01
3.792235860601067543e-03
2.197508024437411223e-07
1.005919375574038099e-10
3.013611138413807566e-09
6.180029572533385362e-07
9.967958331108093262e-01
9.967958331108093262e-01
9.967958331108093262e-01
9.967958331108093262e-01
9.967958331108093262e-01
9.967958331108093262e-01
9.967958331108093262e-01
9.967958331108093262e-01
4.508459028329525609e-07
2.445388212800025940e-02
1.495160661946215441e-10
1.007228291882711346e-07
1.650360209168866277e-04
2.501372620463371277e-02
2.314375524292699993e-05
1.805220017558895051e-05
9.933471679687500000e-01
9.933471679687500000e-01
9.933471679687500000e-01
9.933471679687500000e-01
9.933471679687500000e-01
9.933471679687500000e-01
9.933471679687500000e-01
9.933471679687500000e-01
5.206152491155080497e-05
2.072030305862426758e-01
7.651484012603759766e-01
9.584277904650662094e-06
5.844856787007302046e-05
2.187925204634666443e-02
1.428886549547314644e-03
5.925506702624261379e-04
9.961676001548767090e-01
9.961676001548767090e-01
9.961676001548767090e-01
9.961676001548767090e-01
9.961676001548767090e-01
9.961676001548767090e-01
9.961676001548767090e-01
9.961676001548767090e-01
1.057130098342895508e-01
3.347813151776790619e-03
6.786907761124894023e-05
3.620525035330501851e-07
2.869703052965633105e-08
3.820793790509924293e-05
6.013655138303874992e-07
9.948611855506896973e-01
9.948611855506896973e-01
9.948611855506896973e-01
9.948611855506896973e-01
9.948611855506896973e-01
9.948611855506896973e-01
9.948611855506896973e-01
9.948611855506896973e-01
1.184426855616038665e-05
2.901344089423218975e-07
1.383289038869861542e-09
2.267766063823728473e-07
6.009858043398708105e-05
7.674752268940210342e-04
2.688143013074295595e-06
2.687476626306306571e-05
7.674752268940210342e-04
8.369294553995132446e-02
9.959051609039306641e-01
9.959051609039306641e-01
9.959051609039306641e-01
9.959051609039306641e-01
9.959051609039306641e-01
9.959051609039306641e-01
9.959051609039306641e-01
9.959051609039306641e-01
7.674752268940210342e-04
3.605671281547984108e-06
1.649558961647201727e-10
7.674752268940210342e-04
9.837002158164978027e-01
9.837002158164978027e-01
9.837002158164978027e-01
9.837002158164978027e-01
9.837002158164978027e-01
9.837002158164978027e-01
9.837002158164978027e-01
9.837002158164978027e-01
1.378060696879401803e-04
7.674752268940210342e-04
1.966775208711624146e-02
1.517756879329681396e-01
7.674752268940210342e-04
1.653462618378398474e-06
1.739920429955077452e-10
1.915297325467690825e-04
4.095319673069752753e-05
1.208373068948276341e-04
2.184741431847214699e-03
9.975455403327941895e-01
9.975455403327941895e-01
9.975455403327941895e-01
9.975455403327941895e-01
9.975455403327941895e-01
9.975455403327941895e-01
9.975455403327941895e-01
9.975455403327941895e-01
2.143915480701252818e-06
9.100837633013725281e-04
5.127293256634857244e-09
1.656159497542830650e-06
5.414075255393981934e-01
3.705361858010292053e-03
2.695564762689173222e-05
1.060635000467300415e-01
9.974848031997680664e-01
9.974848031997680664e-01
9.974848031997680664e-01
9.974848031997680664e-01
9.974848031997680664e-01
9.974848031997680664e-01
9.974848031997680664e-01
9.974848031997680664e-01
2.939765977316710632e-07
7.653832435607910156e-01
4.819061359739862382e-06
2.644854930622386746e-07
3.313162596896290779e-03
2.833917387761175632e-04
3.751087642740458250e-04
6.769577972590923309e-03
9.973515272140502930e-01
9.973515272140502930e-01
9.973515272140502930e-01
9.973515272140502930e-01
9.973515272140502930e-01
9.973515272140502930e-01
9.973515272140502930e-01
9.973515272140502930e-01
2.018749713897705078e-03
4.200999683234840631e-04
4.295995381653483491e-08
3.130543575480260188e-07
7.674752268940210342e-04
2.978031057864427567e-03
2.221920603062699229e-08
7.674752268940210342e-04
9.960449337959289551e-01
9.960449337959289551e-01
9.960449337959289551e-01
9.960449337959289551e-01
9.960449337959289551e-01
9.960449337959289551e-01
9.960449337959289551e-01
9.960449337959289551e-01
6.899122695358528290e-08
7.674752268940210342e-04
4.481001791845073967e-09
2.087052614063722444e-10
7.674752268940210342e-04
3.571935812942683697e-04
2.851906211187582585e-10
7.674752268940210342e-04
9.939325451850891113e-01
9.939325451850891113e-01
9.939325451850891113e-01
9.939325451850891113e-01
9.939325451850891113e-01
9.939325451850891113e-01
9.939325451850891113e-01
9.939325451850891113e-01
9.964314085664227605e-05
7.674752268940210342e-04
2.225493290097801946e-06
3.995073161178197552e-10
4.232593055348843336e-04
9.971622824668884277e-01
9.971622824668884277e-01
9.971622824668884277e-01
9.971622824668884277e-01
9.971622824668884277e-01
9.971622824668884277e-01
9.971622824668884277e-01
9.971622824668884277e-01
1.830558593596265382e-09
6.280905381572665647e-06
2.299658581614494324e-02
2.073520022349839564e-08
2.093083038926124573e-02
3.915627544426314444e-10
5.738149866374442354e-08
1.190567999742597749e-08
9.305008152882265904e-11
9.437243209120538268e-10
5.171476004761643708e-05
9.971128702163696289e-01
9.971128702163696289e-01
9.971128702163696289e-01
9.971128702163696289e-01
9.971128702163696289e-01
9.971128702163696289e-01
9.971128702163696289e-01
9.971128702163696289e-01
2.540916437283158302e-03
4.509206395596265793e-03
1.020805870388663550e-10
7.155330877139931545e-06
5.865048733539879322e-04
4.976332124151383596e-10
2.379292984855396753e-09
1.165709109045565128e-04
9.962611794471740723e-01
9.962611794471740723e-01
9.962611794471740723e-01
9.962611794471740723e-01
9.962611794471740723e-01
9.962611794471740723e-01
9.962611794471740723e-01
9.962611794471740723e-01
3.309547480512264883e-07
4.531008016783744097e-04
1.341067368265669302e-09
8.170746745861379168e-09
4.036557754716341151e-07
1.211862415972930762e-10
1.910009359562536702e-07
9.295283831534106866e-08
9.971300959587097168e-01
9.971300959587097168e-01
9.971300959587097168e-01
9.971300959587097168e-01
9.971300959587097168e-01
9.971300959587097168e-01
9.971300959587097168e-01
9.971300959587097168e-01
5.933929347889943529e-09
2.096597105264663696e-03
6.563661281155930283e-10
8.486866136081516743e-04
2.034982315990419011e-08
2.024654610632836693e-10
8.791914973826919777e-10
6.971564888954162598e-01
9.768818020820617676e-01
9.768818020820617676e-01
9.768818020820617676e-01
9.768818020820617676e-01
9.768818020820617676e-01
9.768818020820617676e-01
9.768818020820617676e-01
9.768818020820617676e-01
9.724403619766235352e-01
6.811156054027378559e-04
2.076336047540650043e-10
4.459022040492754968e-09
3.517160962474008556e-07
1.184399384124290577e-10
9.171198200874641770e-08
2.550615590735105798e-06
9.928866028785705566e-01
9.928866028785705566e-01
9.928866028785705566e-01
9.928866028785705566e-01
9.928866028785705566e-01
9.928866028785705566e-01
9.928866028785705566e-01
9.928866028785705566e-01
3.395236092273989925e-09
6.239607464522123337e-04
2.644195695733486673e-10
1.429073250847068266e-07
1.263361149028696673e-08
5.345152098712446787e-10
4.371698558713887905e-10
2.449706010520458221e-02
9.778955578804016113e-01
9.778955578804016113e-01
9.778955578804016113e-01
9.778955578804016113e-01
9.778955578804016113e-01
9.778955578804016113e-01
9.778955578804016113e-01
9.778955578804016113e-01
9.806166887283325195e-01
6.303905043751001358e-03
2.326165429167303955e-07
3.684987648355786405e-09
5.236436706468339253e-08
3.219829159206710756e-05
4.843788687139749527e-03
1.123319671023637056e-04
9.967837333679199219e-01
9.967837333679199219e-01
9.967837333679199219e-01
9.967837333679199219e-01
9.967837333679199219e-01
9.967837333679199219e-01
9.967837333679199219e-01
9.967837333679199219e-01
5.779372453689575195e-01
5.318121984601020813e-03
1.112700402736663818e-01
1.673368811607360840e-01
2.630957496307928523e-08
9.121013666568700273e-11
1.495401247275651713e-09
7.382646344922250137e-06
9.937050938606262207e-01
9.937050938606262207e-01
9.937050938606262207e-01
9.937050938606262207e-01
9.937050938606262207e-01
9.937050938606262207e-01
9.937050938606262207e-01
9.937050938606262207e-01
1.235115996678359807e-05
2.807212620973587036e-02
3.355097533130901866e-09
2.807461207954276006e-10
3.252422902733087540e-04
1.953937900367463953e-09
1.912840525619685650e-05
1.571760163642466068e-03
8.771120718620295520e-08
9.969076514244079590e-01
9.969076514244079590e-01
9.969076514244079590e-01
9.969076514244079590e-01
9.969076514244079590e-01
9.969076514244079590e-01
9.969076514244079590e-01
9.969076514244079590e-01
8.202462340705096722e-04
3.897639999195234850e-06
3.646269775003929681e-08
1.086134230718016624e-03
9.003683909547532949e-11
8.811607554726208491e-10
1.494983152952045202e-04
9.888215065002441406e-01
9.888215065002441406e-01
9.888215065002441406e-01
9.888215065002441406e-01
9.888215065002441406e-01
9.888215065002441406e-01
9.888215065002441406e-01
9.888215065002441406e-01
1.683041261912876507e-09
7.674752268940210342e-04
7.833218842279165983e-05
1.399736220264458098e-07
2.138480681423970964e-07
1.217399913002736866e-04
6.374032795429229736e-02
1.130502112209796906e-02
9.960528612136840820e-01
9.960528612136840820e-01
9.960528612136840820e-01
9.960528612136840820e-01
9.960528612136840820e-01
9.960528612136840820e-01
9.960528612136840820e-01
9.960528612136840820e-01
2.644707565195858479e-04
3.033921355381608009e-03
1.021775044500827789e-02
2.233187109231948853e-01
7.674752268940210342e-04
9.981095790863037109e-01
9.981095790863037109e-01
9.981095790863037109e-01
9.981095790863037109e-01
9.981095790863037109e-01
9.981095790863037109e-01
9.981095790863037109e-01
9.981095790863037109e-01
1.754878612700849771e-04
7.674752268940210342e-04
5.584827661514282227e-01
1.457292064799275977e-10
7.674752268940210342e-04
1.796430737499576935e-08
1.259766335692802386e-08
7.617614418268203735e-02
8.997344411909580231e-04
2.341338131373049691e-06
3.910210132598876953e-01
9.969893097877502441e-01
9.969893097877502441e-01
9.969893097877502441e-01
9.969893097877502441e-01
9.969893097877502441e-01
9.969893097877502441e-01
9.969893097877502441e-01
9.969893097877502441e-01
1.110673775173154354e-08
1.662518084049224854e-02
5.689768656225169252e-09
2.104836909211371676e-07
6.035859696567058563e-04
9.865346550941467285e-01
9.865346550941467285e-01
9.865346550941467285e-01
9.865346550941467285e-01
9.865346550941467285e-01
9.865346550941467285e-01
9.865346550941467285e-01
9.865346550941467285e-01
4.492012872781003807e-10
9.467774070799350739e-03
8.961103958426974714e-06
1.457824527761886202e-08
9.820777922868728638e-03
1.340703520424924022e-10
3.744412970263510942e-05
9.975793957710266113e-01
1.164703333778049910e-10
9.295403557985082443e-09
9.955216646194458008e-01
9.955216646194458008e-01
9.955216646194458008e-01
9.955216646194458008e-01
9.955216646194458008e-01
9.955216646194458008e-01
9.955216646194458008e-01
9.955216646194458008e-01
2.052042447076019016e-08
3.378691326716420917e-09
1.746690713844145648e-06
2.160040757370751408e-10
3.605466858402905928e-08
7.674752268940210342e-04
6.904930341988801956e-05
5.669881630865347688e-08
7.674752268940210342e-04
9.950627684593200684e-01
9.950627684593200684e-01
9.950627684593200684e-01
9.950627684593200684e-01
9.950627684593200684e-01
9.950627684593200684e-01
9.950627684593200684e-01
9.950627684593200684e-01
7.969139659280699561e-08
7.674752268940210342e-04
1.502369073591580673e-08
8.056534883671417901e-10
7.674752268940210342e-04
9.618562890612025740e-11
4.021287747235646748e-10
7.674752268940210342e-04
9.813227653503417969e-01
9.813227653503417969e-01
9.813227653503417969e-01
9.813227653503417969e-01
9.813227653503417969e-01
9.813227653503417969e-01
9.813227653503417969e-01
9.813227653503417969e-01
9.688937846474843241e-11
7.674752268940210342e-04
6.750751957440570550e-09
6.932508256340952357e-08
7.674752268940210342e-04
4.177111545544676119e-09
1.584276820842944744e-09
7.674752268940210342e-04
9.953210949897766113e-01
9.953210949897766113e-01
9.953210949897766113e-01
9.953210949897766113e-01
9.953210949897766113e-01
9.953210949897766113e-01
9.953210949897766113e-01
9.953210949897766113e-01
1.776343560777604580e-05
7.674752268940210342e-04
5.597186047978652823e-10
1.772310298520096694e-09
3.849113383580515801e-08
8.961930503259551983e-11
1.404767946411311641e-08
1.505718955741031095e-06
9.959841966629028320e-01
9.959841966629028320e-01
9.959841966629028320e-01
9.959841966629028320e-01
9.959841966629028320e-01
9.959841966629028320e-01
9.959841966629028320e-01
9.959841966629028320e-01
2.600207551495259395e-07
2.536008879542350769e-02
1.716936176565653227e-10
1.799615347408689559e-06
2.273898430660281633e-10
8.918515925770975628e-11
1.211305500348203168e-10
9.768816828727722168e-01
9.768816828727722168e-01
9.768816828727722168e-01
9.768816828727722168e-01
9.768816828727722168e-01
9.768816828727722168e-01
9.768816828727722168e-01
9.768816828727722168e-01
4.847066081836715057e-10
1.144243103046171939e-10
2.160473189238842906e-10
9.717253390828517468e-11
5.801294378215970937e-08
4.873021971434354782e-04
5.914778262376785278e-02
6.480413139797747135e-05
1.391881494782865047e-03
9.965931773185729980e-01
9.965931773185729980e-01
9.965931773185729980e-01
9.965931773185729980e-01
9.965931773185729980e-01
9.965931773185729980e-01
9.965931773185729980e-01
9.965931773185729980e-01
4.385167358122998849e-06
2.498104609549045563e-02
1.466109189607323060e-08
2.076882446999661624e-05
2.185238230367758661e-07
3.037112264792085625e-06
5.788098178527434357e-08
9.964607357978820801e-01
9.964607357978820801e-01
9.964607357978820801e-01
9.964607357978820801e-01
9.964607357978820801e-01
9.964607357978820801e-01
9.964607357978820801e-01
9.964607357978820801e-01
7.993656292448747536e-10
2.027984358221601724e-08
7.129380974468801924e-10
4.193948299757721543e-09
1.480877074300224194e-07
1.430188518725117319e-07
9.725706768222153187e-04
9.972545504570007324e-01
9.972545504570007324e-01
9.972545504570007324e-01
9.972545504570007324e-01
9.972545504570007324e-01
9.972545504570007324e-01
9.972545504570007324e-01
9.972545504570007324e-01
4.134693420976276457e-10
4.640736733563244343e-04
2.553350925445556641e-01
1.158538598389213803e-08
7.674752268940210342e-04
8.993824351932744321e-09
3.356203093218823597e-10
7.674752268940210342e-04
3.019791984115727246e-05
3.300488771174059366e-08
7.674752268940210342e-04
8.652490973472595215e-01
9.972250461578369141e-01
9.972250461578369141e-01
9.972250461578369141e-01
9.972250461578369141e-01
9.972250461578369141e-01
9.972250461578369141e-01
9.972250461578369141e-01
9.972250461578369141e-01
7.674752268940210342e-04
7.446806762345659081e-07
8.421628727717234142e-09
1.909105340018868446e-04
2.191333658993244171e-02
1.369016972603276372e-04
1.502176455687731504e-04
9.923864603042602539e-01
9.923864603042602539e-01
9.923864603042602539e-01
9.923864603042602539e-01
9.923864603042602539e-01
9.923864603042602539e-01
9.923864603042602539e-01
9.923864603042602539e-01
9.972547888755798340e-01
8.381582796573638916e-03
1.427340903319418430e-04
3.909010448666094817e-09
8.474983133055502549e-07
1.366838254034519196e-02
4.405846819281578064e-03
4.377414882183074951e-01
9.967195391654968262e-01
9.967195391654968262e-01
9.967195391654968262e-01
9.967195391654968262e-01
9.967195391654968262e-01
9.967195391654968262e-01
9.967195391654968262e-01
9.967195391654968262e-01
2.009231102420017123e-04
4.326573980506509542e-05
4.810144673683680594e-06
5.775332823395729065e-02
7.674752268940210342e-04
2.774712237751941757e-09
1.071226718440954073e-10
7.674752268940210342e-04
9.937059283256530762e-01
9.937059283256530762e-01
9.937059283256530762e-01
9.937059283256530762e-01
9.937059283256530762e-01
9.937059283256530762e-01
9.937059283256530762e-01
9.937059283256530762e-01
2.465245870553189889e-06
7.674752268940210342e-04
5.611962006213389031e-09
3.532608205958354120e-09
2.301342647115234286e-06
4.379433114081621170e-03
2.007722741836914793e-06
4.678200639318674803e-04
9.947878122329711914e-01
9.947878122329711914e-01
9.947878122329711914e-01
9.947878122329711914e-01
9.947878122329711914e-01
9.947878122329711914e-01
9.947878122329711914e-01
9.947878122329711914e-01
8.663540482521057129e-01
9.913879632949829102e-02
1.714886352419853210e-02
1.958545992053473128e-09
7.620778633281588554e-04
1.664055337968761705e-09
1.253135195611321251e-08
5.537333781830966473e-04
9.978759288787841797e-01
9.978759288787841797e-01
9.978759288787841797e-01
9.978759288787841797e-01
9.978759288787841797e-01
9.978759288787841797e-01
9.978759288787841797e-01
9.978759288787841797e-01
1.063095533027080819e-05
7.320016156882047653e-04
2.261025500160940283e-08
4.696643713941739406e-07
2.089239278575405478e-04
7.674752268940210342e-04
1.757484824338462204e-06
9.977922439575195312e-01
9.977922439575195312e-01
9.977922439575195312e-01
9.977922439575195312e-01
9.977922439575195312e-01
9.977922439575195312e-01
9.977922439575195312e-01
9.977922439575195312e-01
7.674752268940210342e-04
2.668932639062404633e-02
5.167820518181542866e-07
7.674752268940210342e-04
2.262163208797574043e-03
4.270950260121253450e-10
7.674752268940210342e-04
8.741548072066507302e-07
4.625817746273241937e-05
7.674752268940210342e-04
3.405880852369591594e-05
9.968304038047790527e-01
9.968304038047790527e-01
9.968304038047790527e-01
9.968304038047790527e-01
9.968304038047790527e-01
9.968304038047790527e-01
9.968304038047790527e-01
9.968304038047790527e-01
7.674752268940210342e-04
6.036814884282648563e-04
1.635072476346977055e-05
7.674752268940210342e-04
1.380901630909647793e-05
9.979446530342102051e-01
9.979446530342102051e-01
9.979446530342102051e-01
9.979446530342102051e-01
9.979446530342102051e-01
9.979446530342102051e-01
9.979446530342102051e-01
9.979446530342102051e-01
7.674752268940210342e-04
1.056011579930782318e-02
5.150863435119390488e-03
7.674752268940210342e-04
4.148826375603675842e-02
3.745809067368099932e-07
7.674752268940210342e-04
7.810874080860230606e-08
1.369181851229583913e-10
7.674752268940210342e-04
6.389046757249161601e-05
9.774481654167175293e-01
9.774481654167175293e-01
9.774481654167175293e-01
9.774481654167175293e-01
9.774481654167175293e-01
9.774481654167175293e-01
9.774481654167175293e-01
9.774481654167175293e-01
7.674752268940210342e-04
2.848122641444206238e-02
3.478090511634945869e-04
2.992372610606253147e-04
1.275381364393979311e-04
1.617292218725197017e-05
1.494800671935081482e-04
9.973990917205810547e-01
9.973990917205810547e-01
9.973990917205810547e-01
9.973990917205810547e-01
9.973990917205810547e-01
9.973990917205810547e-01
9.973990917205810547e-01
9.973990917205810547e-01
9.909392595291137695e-01
1.046010330319404602e-01
7.950274266477208585e-06
1.796611637239209358e-09
2.803167298282005504e-08
6.634847522946074605e-06
2.303186192875728011e-07
2.101317804772406816e-04
9.966831803321838379e-01
9.972936511039733887e-01
9.972936511039733887e-01
9.972936511039733887e-01
9.972936511039733887e-01
9.972936511039733887e-01
9.972936511039733887e-01
9.972936511039733887e-01
9.972936511039733887e-01
2.754947729408740997e-02
1.910072569444309920e-06
2.670956966710491542e-08
1.335086766630411148e-03
8.966872383497914711e-11
9.684396617970492116e-10
4.698127304436638951e-05
9.901757836341857910e-01
9.901757836341857910e-01
9.901757836341857910e-01
9.901757836341857910e-01
9.901757836341857910e-01
9.901757836341857910e-01
9.901757836341857910e-01
9.901757836341857910e-01
1.198690591230899827e-09
7.674752268940210342e-04
1.486629059854749357e-07
5.352089882393329390e-10
5.212839226942378446e-08
1.618980149942217395e-06
5.444485213956795633e-05
5.836869604536332190e-05
9.933185577392578125e-01
9.933185577392578125e-01
9.933185577392578125e-01
9.933185577392578125e-01
9.933185577392578125e-01
9.933185577392578125e-01
9.933185577392578125e-01
9.933185577392578125e-01
9.966551065444946289e-01
1.971013695001602173e-01
7.357498816418228671e-06
1.126524082906144031e-07
3.079780753978411667e-06
8.968821518795522252e-11
7.668770507507360890e-09
8.256109140347689390e-06
9.827545285224914551e-01
9.827545285224914551e-01
9.827545285224914551e-01
9.827545285224914551e-01
9.827545285224914551e-01
9.827545285224914551e-01
9.827545285224914551e-01
9.827545285224914551e-01
4.293533584220909916e-10
2.836168278008699417e-03
4.450098900488086429e-10
1.910707370100794833e-09
2.206130884587764740e-04
4.537404701113700867e-02
3.412428195588290691e-04
2.967745240312069654e-04
9.960632920265197754e-01
9.960632920265197754e-01
9.960632920265197754e-01
9.960632920265197754e-01
9.960632920265197754e-01
9.960632920265197754e-01
9.960632920265197754e-01
9.960632920265197754e-01
4.175918277837809001e-08
9.164142012596130371e-01
8.353151082992553711e-01
1.084566960685151571e-07
4.522837407421320677e-04
9.975957274436950684e-01
9.975957274436950684e-01
9.975957274436950684e-01
9.975957274436950684e-01
9.975957274436950684e-01
9.975957274436950684e-01
9.975957274436950684e-01
9.975957274436950684e-01
3.193660613742821397e-10
3.480201703496277332e-04
1.023971214890480042e-01
1.263966176168196398e-08
7.674752268940210342e-04
1.173967056899982708e-08
2.694368617106590591e-10
2.525218405935447663e-05
7.162994146347045898e-02
1.806632732041180134e-03
1.620243274373933673e-04
1.077888384461402893e-01
9.975531697273254395e-01
9.975531697273254395e-01
9.975531697273254395e-01
9.975531697273254395e-01
9.975531697273254395e-01
9.975531697273254395e-01
9.975531697273254395e-01
9.975531697273254395e-01
2.399078570306301117e-02
4.722450859844684601e-03
6.813532138494338142e-08
3.229238473068107851e-06
4.511655049554974539e-07
1.717346953228116035e-03
2.229800261557102203e-02
9.932003617286682129e-01
9.932003617286682129e-01
9.932003617286682129e-01
9.932003617286682129e-01
9.932003617286682129e-01
9.932003617286682129e-01
9.932003617286682129e-01
9.932003617286682129e-01
9.497664868831634521e-03
2.158940434455871582e-01
5.301518831402063370e-05
3.296231152489781380e-04
7.674752268940210342e-04
9.944311976432800293e-01
9.944311976432800293e-01
9.944311976432800293e-01
9.944311976432800293e-01
9.944311976432800293e-01
9.944311976432800293e-01
9.944311976432800293e-01
9.944311976432800293e-01
3.613639876220986480e-07
7.674752268940210342e-04
3.194088339805603027e-01
4.874613601657529216e-09
7.674752268940210342e-04
2.098898448821273632e-06
3.677663951151544097e-09
7.784811854362487793e-01
4.792730692315672059e-07
5.022076948080211878e-05
1.347985491156578064e-02
1.351821265416219831e-04
9.953799247741699219e-01
9.953799247741699219e-01
9.953799247741699219e-01
9.953799247741699219e-01
9.953799247741699219e-01
9.953799247741699219e-01
9.953799247741699219e-01
9.953799247741699219e-01
1.816529780626296997e-03
8.620745688676834106e-02
1.014884176697705698e-07
